Date,Confirmed,Deaths,Recovered,New cases,New deaths
2020-01-22,0,0,0,0,0
2020-01-23,0,0,0,0,0
2020-01-24,0,0,0,0,0
2020-01-25,0,0,0,0,0
2020-01-26,0,0,0,0,0
2020-01-27,0,0,0,0,0
2020-01-28,0,0,0,0,0
2020-01-29,0,0,0,0,0
2020-01-30,0,0,0,0,0
2020-01-31,0,0,0,0,0
2020-02-01,0,0,0,0,0
2020-02-02,0,0,0,0,0
2020-02-03,0,0,0,0,0
2020-02-04,0,0,0,0,0
2020-02-05,0,0,0,0,0
2020-02-06,0,0,0,0,0
2020-02-07,0,0,0,0,0
2020-02-08,0,0,0,0,0
2020-02-09,0,0,0,0,0
2020-02-10,0,0,0,0,0
2020-02-11,0,0,0,0,0
2020-02-12,0,0,0,0,0
2020-02-13,0,0,0,0,0
2020-02-14,0,0,0,0,0
2020-02-15,0,0,0,0,0
2020-02-16,0,0,0,0,0
2020-02-17,0,0,0,0,0
2020-02-18,0,0,0,0,0
2020-02-19,0,0,0,0,0
2020-02-20,0,0,0,0,0
2020-02-21,0,0,0,0,0
2020-02-22,0,0,0,0,0
2020-02-23,0,0,0,0,0
2020-02-24,0,0,0,0,0
2020-02-25,0,0,0,0,0
2020-02-26,0,0,0,0,0
2020-02-27,0,0,0,0,0
2020-02-28,0,0,0,0,0
2020-02-29,0,0,0,0,0
2020-03-01,6,0,0,6,0
2020-03-02,6,0,0,0,0
2020-03-03,7,0,0,1,0
2020-03-04,10,0,0,3,0
2020-03-05,13,0,0,3,0
2020-03-06,13,0,0,0,0
2020-03-07,13,0,0,0,0
2020-03-08,14,0,0,1,0
2020-03-09,15,0,0,1,0
2020-03-10,15,0,0,0,0
2020-03-11,17,0,0,2,0
2020-03-12,17,0,0,0,0
2020-03-13,17,0,0,0,0
2020-03-14,28,2,0,11,2
2020-03-15,28,2,0,0,0
2020-03-16,37,2,0,9,0
2020-03-17,58,2,0,21,0
2020-03-18,111,2,0,53,0
2020-03-19,199,3,0,88,1
2020-03-20,367,5,0,168,2
2020-03-21,506,7,3,139,2
2020-03-22,789,14,3,283,7
2020-03-23,981,18,3,192,4
2020-03-24,1082,27,3,101,9
2020-03-25,1173,28,3,91,1
2020-03-26,1403,34,3,230,6
2020-03-27,1595,36,3,192,2
2020-03-28,1823,48,3,228,12
2020-03-29,1924,58,3,101,10
2020-03-30,1962,60,3,38,2
2020-03-31,2240,75,54,278,15
2020-04-01,2748,93,58,508,18
2020-04-02,3163,120,65,415,27
2020-04-03,3368,145,65,205,25
2020-04-04,3465,172,100,97,27
2020-04-05,3646,180,100,181,8
2020-04-06,3747,191,100,101,11
2020-04-07,3747,191,100,0,0
2020-04-08,4450,242,140,703,51
2020-04-09,4965,272,339,515,30
2020-04-10,7161,297,368,2196,25
2020-04-11,7257,315,411,96,18
2020-04-12,7466,333,501,209,18
2020-04-13,7529,355,597,63,22
2020-04-14,7603,369,696,74,14
2020-04-15,7858,388,780,255,19
2020-04-16,8225,403,838,367,15
2020-04-17,8450,421,838,225,18
2020-04-18,9022,456,1008,572,35
2020-04-19,9468,474,1061,446,18
2020-04-20,10128,507,1150,660,33
2020-04-21,10398,520,1207,270,13
2020-04-22,10850,537,1262,452,17
2020-04-23,11183,560,1328,333,23
2020-04-24,22719,576,1366,11536,16
2020-04-25,22719,576,1366,0,0
2020-04-26,22719,576,1366,0,0
2020-04-27,23240,663,1557,521,87
2020-04-28,24258,871,1557,1018,208
2020-04-29,24675,883,1557,417,12
2020-04-30,24934,900,1558,259,17
2020-05-01,26336,1063,1913,1402,163
2020-05-02,27464,1371,2132,1128,308
2020-05-03,29538,1564,3300,2074,193
2020-05-04,31881,1569,3433,2343,5
2020-05-05,31881,1569,3433,0,0
2020-05-06,31881,1618,3433,0,49
2020-05-07,30298,1654,3433,0,36
2020-05-08,28818,1704,3433,0,50
2020-05-09,29071,1717,3433,253,13
2020-05-10,29559,2127,3433,488,410
2020-05-11,29509,2145,3433,0,18
2020-05-12,30419,2327,3433,910,182
2020-05-13,30486,2334,3433,67,7
2020-05-14,30502,2338,3433,16,4
2020-05-15,31467,2594,3433,965,256
2020-05-16,32763,2688,3433,1296,94
2020-05-17,33182,2736,3433,419,48
2020-05-18,33582,2799,3433,400,63
2020-05-19,34151,2839,3457,569,40
2020-05-20,34854,2888,3557,703,49
2020-05-21,35306,2939,3557,452,51
2020-05-22,35828,3056,3557,522,117
2020-05-23,36258,3096,3557,430,40
2020-05-24,36756,3108,3560,498,12
2020-05-25,37355,3203,18003,599,95
2020-05-26,37355,3203,18003,0,0
2020-05-27,38103,3275,18425,748,72
2020-05-28,38471,3313,18425,368,38
2020-05-29,38571,3334,19190,100,21
2020-05-30,38571,3334,19190,0,0
2020-05-31,39098,3358,19592,527,24
2020-06-01,39098,3358,19592,0,0
2020-06-02,40414,3438,20019,1316,80
2020-06-03,40966,3486,20019,552,48
2020-06-04,40966,3486,20019,0,0
2020-06-05,41575,3534,20568,609,48
2020-06-06,42728,3608,21020,1153,74
2020-06-07,43120,3621,21020,392,13
2020-06-08,43378,3642,21020,258,21
2020-06-09,43917,3690,21020,539,48
2020-06-10,44440,3720,21862,523,30
2020-06-11,44440,3720,21862,0,0
2020-06-12,45778,3828,22679,1338,108
2020-06-13,46356,3874,22865,578,46
2020-06-14,46751,3896,23064,395,22
2020-06-15,47322,3929,23349,571,33
2020-06-16,47943,3970,23684,621,41
2020-06-17,48490,4007,23881,547,37
2020-06-18,49097,4087,24123,607,80
2020-06-19,49731,4156,24446,634,69
2020-06-20,49731,4156,24446,0,0
2020-06-21,50640,4223,24991,909,67
2020-06-22,50640,4223,24991,0,0
2020-06-23,51643,4274,24991,1003,51
2020-06-24,51643,4274,24991,0,0
2020-06-25,53156,4343,26097,1513,69
2020-06-26,53856,4406,26493,700,63
2020-06-27,54574,4424,26920,718,18
2020-06-28,55255,4429,27058,681,5
2020-06-29,55665,4502,27430,410,73
2020-06-30,56432,4527,27594,767,25
2020-07-01,58257,4576,27887,1825,49
2020-07-02,59468,4639,28032,1211,63
2020-07-03,60657,4700,28391,1189,61
2020-07-04,61535,4769,28507,878,69
2020-07-05,61958,4781,28722,423,12
2020-07-06,62380,4821,28872,422,40
2020-07-07,63245,4873,29071,865,52
2020-07-08,63245,4873,29071,0,0
2020-07-09,64221,4900,29184,976,27
2020-07-10,65018,4939,29577,797,39
2020-07-11,67209,5031,30107,2191,92
2020-07-12,67870,5047,30283,661,16
2020-07-13,68459,5063,30369,589,16
2020-07-14,69570,5130,30484,1111,67
2020-07-15,70329,5158,30641,759,28
2020-07-16,71365,5207,31260,1036,49
2020-07-17,72444,5250,31404,1079,43
2020-07-18,73382,5282,31757,938,32
2020-07-19,74013,5313,31901,631,31
2020-07-20,74620,5318,31955,607,5
2020-07-21,76217,5366,32725,1597,48
2020-07-22,77257,5418,33125,1040,52
2020-07-23,78148,5439,33455,891,21
2020-07-24,79049,5468,34544,901,29
2020-07-25,80036,5507,34544,987,39
2020-07-26,80694,5515,34896,658,8
2020-07-27,81161,5532,34896,467,17